selected.clusters <- list()

selected.clusters[["220907_FH"]] = list(
  v0.1 = list(cDC1 = c(0, 7, 8, 9),
              cDC2 = c(2, 5, 10, 4, 3, 6, 1, 11, 9)),
  v0.2 = list(cDC1 = c(0, 7, 8),
              cDC2 = c(3, 9, 2, 4, 6, 1, 5, 8)),
  v0.3 = list(cDC1 = c(1, 6, 7, 8),
              cDC2 = c(2, 9, 0, 5, 4, 3, 6)),
  v0.4 = list(cDC1 = c(8, 0, 10, 7),
              cDC2 = c(3, 9, 5, 11, 6, 1, 2, 4)),
  v0.5 = list(cDC1 = c(1, 7, 8, 9),
              cDC2 = c(2, 11, 6, 4, 10, 5, 3, 0, 12)),
  v0.6 = list(cDC1 = c(1, 6, 7),
              cDC2 = c(2, 3, 0, 5, 4, 8, 7)),
  v0.7 = list(cDC1 = c(1, 6, 7),
              cDC2 = c(2, 3, 4, 0, 5, 8))
)